Frame: 50
[00 00 00 00][00 00 00 00][00 00 00 00][00 00 00 00][00 00 00 00][00 00 00 00][00 00 00 00][00 00 00 00]
[00 00 00 00][00 00 00 00][00 00 00 00][00 00 00 00][00 00 00 00][00 00 00 00][00 00 00 00][00 00 00 00]
[00 00 00 00][00 00 00 00][00 00 00 00][00 00 00 00][00 00 00 00][00 00 00 00][00 00 00 00][00 00 00 00]
[00 00 00 00][00 00 00 00][00 00 00 00][00 00 00 00][00 00 00 00][00 00 00 00][00 00 00 00][00 00 00 00]
[00 00 00 00][00 00 00 00][00 00 00 00][00 00 00 00][00 00 00 00][00 00 00 00][00 00 00 00][00 00 00 00]
[00 00 00 00][00 00 00 00][00 00 00 00][00 00 00 00][00 00 00 00][00 00 00 00][00 00 00 00][00 00 00 00]
[00 00 00 00][00 00 00 00][00 00 00 00][00 00 00 00][00 00 00 00][00 00 00 00][00 00 00 00][00 00 00 00]
[00 00 00 00][00 00 00 00][00 00 00 00][00 00 00 00][00 00 00 00][00 00 00 00][00 00 00 00][00 00 00 00]

