Frame: 18634
[02 02 02 02][02 02 02 02][03 02 02 02][02 02 02 02][02 02 02 02][02 02 02 02][02 02 02 02][02 02 02 02]
[00 00 00 00][00 00 00 00][00 00 00 00][00 00 00 00][02 02 00 00][00 02 00 00][00 00 00 00][00 00 00 00]
[00 00 00 00][00 00 00 00][00 00 00 00][00 00 00 00][00 00 02 02][00 00 00 02][00 00 00 00][00 00 00 00]
[00 00 00 00][00 00 00 00][00 00 00 00][00 00 00 00][00 00 00 00][00 00 00 00][00 00 00 00][00 00 00 00]
[00 00 00 00][00 00 00 00][00 00 00 00][00 00 00 00][00 00 00 00][00 00 00 00][00 00 00 00][00 00 00 00]
[00 00 00 00][00 00 00 00][00 00 00 00][00 00 00 00][00 00 00 00][00 00 00 00][00 00 00 00][00 00 00 00]
[01 01 00 00][01 01 00 00][01 01 00 00][01 01 00 00][01 01 00 00][01 01 00 00][01 01 00 00][01 01 00 00]
[00 00 01 01][00 00 01 01][00 00 01 01][00 00 01 01][00 00 01 01][00 00 01 01][00 00 01 01][00 00 01 01]

