Frame: 57
[00 00 00 00][00 00 00 00][00 00 00 00][00 00 00 00][00 00 00 00][00 00 00 00][00 00 00 00][00 00 00 00]
[00 00 00 00][00 00 00 00][00 00 00 00][00 00 00 00][00 00 00 00][00 00 00 00][00 00 00 00][00 00 00 00]
[00 00 00 00][00 00 00 00][00 00 00 00][00 00 00 00][00 00 00 00][00 00 00 00][00 00 00 00][00 00 00 00]
[00 00 00 00][00 00 00 00][00 00 00 00][00 00 00 00][00 00 00 00][00 00 00 00][00 00 00 00][00 00 00 00]
[00 00 00 00][00 00 00 00][00 00 00 00][00 00 00 00][00 00 00 00][00 00 00 00][00 00 00 00][00 00 00 00]
[00 00 00 00][00 00 00 00][00 00 00 00][00 00 00 00][00 00 00 00][00 00 00 00][00 00 00 00][00 00 00 00]
[00 00 00 00][00 00 00 00][00 00 00 00][00 00 00 00][00 00 00 00][00 00 00 00][00 00 00 00][00 00 00 00]
[00 00 00 00][00 00 00 00][00 00 00 00][00 00 00 00][00 00 00 00][00 00 00 00][00 00 00 00][00 00 00 00]

