Frame: 55
[00 00 00 00][00 00 00 00][00 00 00 00][00 00 00 00][00 00 00 00][00 00 00 00][00 00 00 00][00 00 00 00]
[00 00 00 00][00 00 00 00][00 00 00 00][00 00 00 00][00 00 00 00][00 00 00 00][00 00 00 00][00 00 00 00]
[00 00 00 00][00 00 00 00][00 00 00 00][00 00 00 00][00 00 00 00][00 00 00 00][00 00 00 00][00 00 00 00]
[00 00 00 00][00 00 00 00][00 00 00 00][00 00 00 00][00 00 00 00][00 00 00 00][00 00 00 00][00 00 00 00]
[00 00 00 00][00 00 00 00][00 00 00 00][00 00 00 00][00 00 00 00][00 00 00 00][00 00 00 00][00 00 00 00]
[00 00 00 00][00 00 00 00][00 00 00 00][00 00 00 00][00 00 00 00][00 00 00 00][00 00 00 00][00 00 00 00]
[00 00 00 00][00 00 00 00][00 00 00 00][00 00 00 00][00 00 00 00][00 00 00 00][00 00 00 00][00 00 00 00]
[00 00 00 00][00 00 00 00][00 00 00 00][00 00 00 00][00 00 00 00][00 00 00 00][00 00 00 00][00 00 00 00]

