Frame: 54
[00 00 00 00][00 00 00 00][00 00 00 00][00 00 00 00][00 00 00 00][00 00 00 00][00 00 00 00][00 00 00 00]
[00 00 00 00][00 00 00 00][00 00 00 00][00 00 00 00][00 00 00 00][00 00 00 00][00 00 00 00][00 00 00 00]
[00 00 00 00][00 00 00 00][00 00 00 00][00 00 00 00][00 00 00 00][00 00 00 00][00 00 00 00][00 00 00 00]
[00 00 00 00][00 00 00 00][00 00 00 00][00 00 00 00][00 00 00 00][00 00 00 00][00 00 00 00][00 00 00 00]
[00 00 00 00][00 00 00 00][00 00 00 00][00 00 00 00][00 00 00 00][00 00 00 00][00 00 00 00][00 00 00 00]
[00 00 00 00][00 00 00 00][00 00 00 00][00 00 00 00][00 00 00 00][00 00 00 00][00 00 00 00][00 00 00 00]
[00 00 00 00][00 00 00 00][00 00 00 00][00 00 00 00][00 00 00 00][00 00 00 00][00 00 00 00][00 00 00 00]
[00 00 00 00][00 00 00 00][00 00 00 00][00 00 00 00][00 00 00 00][00 00 00 00][00 00 00 00][00 00 00 00]

