Frame: 49
[00 00 00 00][00 00 00 00][00 00 00 00][00 00 00 00][00 00 00 00][00 00 00 00][00 00 00 00][00 00 00 00]
[00 00 00 00][00 00 00 00][00 00 00 00][00 00 00 00][00 00 00 00][00 00 00 00][00 00 00 00][00 00 00 00]
[00 00 00 00][00 00 00 00][00 00 00 00][00 00 00 00][00 00 00 00][00 00 00 00][00 00 00 00][00 00 00 00]
[00 00 00 00][00 00 00 00][00 00 00 00][00 00 00 00][00 00 00 00][00 00 00 00][00 00 00 00][00 00 00 00]
[00 00 00 00][00 00 00 00][00 00 00 00][00 00 00 00][00 00 00 00][00 00 00 00][00 00 00 00][00 00 00 00]
[00 00 00 00][00 00 00 00][00 00 00 00][00 00 00 00][00 00 00 00][00 00 00 00][00 00 00 00][00 00 00 00]
[00 00 00 00][00 00 00 00][00 00 00 00][00 00 00 00][00 00 00 00][00 00 00 00][00 00 00 00][00 00 00 00]
[00 00 00 00][00 00 00 00][00 00 00 00][00 00 00 00][00 00 00 00][00 00 00 00][00 00 00 00][00 00 00 00]

